45 360
20 2
35 20
23 45
18 9
28 15
10 1
7 27
23 31
7 33
30 17
41 33
21 33
12 23
6 43
22 35
25 36
44 33
25 17
41 30
30 11
17 21
1 41
4 18
38 7
17 3
24 32
16 30
3 30
18 1
15 11
21 5
18 8
7 4
5 30
37 14
43 34
35 30
25 45
21 22
29 34
3 39
37 23
35 31
3 23
31 4
25 27
44 19
6 36
34 37
43 40
2 41
1 14
32 19
26 2
20 28
43 1
40 42
38 15
41 7
18 19
44 32
11 22
23 42
34 3
39 37
28 44
42 3
33 31
31 20
13 37
5 10
8 14
11 2
38 1
1 3
43 14
38 43
41 34
7 31
13 30
4 34
9 16
20 40
24 17
33 28
41 3
40 10
40 18
36 40
40 14
5 19
6 1
28 35
13 3
14 26
27 35
18 34
4 27
15 27
12 21
25 8
31 26
43 22
13 1
39 2
12 13
28 1
14 42
22 7
23 14
3 44
8 26
34 35
38 25
17 45
24 1
40 34
33 19
24 11
6 37
2 27
21 35
34 9
14 44
19 11
26 5
38 5
14 5
38 10
8 38
36 32
2 42
34 30
32 20
29 9
18 22
5 39
15 24
29 19
39 25
2 25
13 27
44 6
27 1
39 7
13 39
18 44
25 10
33 9
29 15
7 34
21 10
17 41
32 21
15 14
13 7
36 42
9 42
24 14
24 33
6 11
41 10
31 18
36 9
36 8
10 23
14 38
24 29
42 1
18 24
15 40
4 43
41 22
4 29
21 28
23 5
20 22
7 44
28 3
37 10
2 29
28 22
9 3
43 16
25 28
24 16
40 24
40 22
27 5
18 14
24 44
18 25
22 15
38 44
28 8
11 3
21 3
18 41
17 2
45 7
45 27
10 26
39 34
9 43
45 11
31 6
35 36
4 13
38 12
6 12
12 32
45 4
11 39
8 24
34 26
32 4
29 17
33 3
32 34
7 17
23 7
12 22
32 38
25 26
43 25
19 8
17 32
31 36
26 44
19 9
8 41
7 12
24 34
18 29
12 27
42 25
15 39
37 38
35 24
22 23
28 19
13 2
20 39
32 5
11 40
14 10
44 12
12 34
27 42
40 8
7 3
39 24
26 42
22 42
33 42
39 40
31 25
28 24
32 26
23 1
18 27
21 4
24 31
6 39
27 20
37 21
20 14
42 30
37 18
5 28
26 38
14 39
34 14
19 42
19 43
38 31
20 11
30 7
14 30
21 26
37 31
12 37
45 43
7 11
8 17
43 44
2 33
28 42
17 31
42 7
36 39
34 15
15 13
8 20
13 25
15 21
37 5
23 16
24 27
33 5
22 19
22 37
37 4
30 29
4 16
36 21
35 15
14 6
6 34
5 20
2 38
30 19
6 35
45 21
16 44
32 43
4 8
19 31
44 2
39 42
32 10
35 43
39 18
23 8
31 1
22 27
10 27
33 10
13 16
41 28
41 43
24 9
19 23
36 29
7 29
18 36
33 17
6 3
25 41
36 34
22 33
1 8
40 16
31 11
33 6
3 15
2 12
24 2
32 16
27 37
36 5
9 41
31 45
39 16
2 21
8 5
35 41
33 8
27 3
26 43
27 146
12 21
23 16
3 20
12 20
17 27
7 27
27 15
25 15
7 10
10 5
19 14
11 12
17 9
7 1
15 13
4 16
9 18
24 13
10 27
19 12
5 11
27 18
6 18
1 12
12 23
3 7
10 26
13 22
17 5
22 21
15 26
9 5
25 16
27 13
25 8
2 5
25 17
18 10
18 15
27 3
4 12
15 7
2 27
7 18
14 23
14 25
11 14
3 22
26 25
22 2
8 17
4 25
23 13
19 11
22 17
22 25
9 4
8 27
21 5
20 9
16 18
21 10
25 27
20 24
19 22
17 11
10 1
1 22
11 4
20 13
10 12
7 11
25 19
17 16
14 26
1 17
17 21
13 6
17 23
26 18
11 13
7 21
6 16
26 11
20 6
15 16
14 3
2 16
25 2
19 23
7 17
9 21
4 27
24 15
19 6
4 14
7 14
2 14
3 15
20 23
13 19
4 22
20 15
3 12
7 16
7 22
22 18
3 10
4 24
16 5
6 7
21 3
11 15
24 9
23 3
20 25
17 19
6 21
25 18
25 10
15 1
1 26
27 23
15 22
25 23
18 3
10 17
13 18
27 21
9 15
4 20
11 1
16 12
10 2
8 19
24 11
9 22
13 14
19 10
25 11
16 26
9 1
22 26
9 12
6 23
11 6
14 31
9 2
3 6
12 8
8 14
5 11
12 2
10 13
14 1
12 6
6 9
10 6
8 9
11 13
2 4
5 14
3 11
6 13
2 5
3 5
8 3
1 9
9 5
5 4
12 7
4 7
3 12
12 10
11 1
10 3
4 1
3 13
59 1333
33 25
24 14
39 43
7 3
52 45
13 42
39 15
36 15
14 8
44 16
24 59
7 4
55 56
6 52
59 17
50 54
8 44
43 46
5 8
23 33
11 15
18 24
52 50
57 26
26 45
4 32
15 14
39 52
44 5
43 19
57 30
18 19
47 43
50 53
41 38
13 52
28 55
43 57
49 47
39 44
34 6
43 1
19 22
4 50
15 6
56 16
20 6
24 26
9 54
53 21
57 55
57 23
11 33
16 50
56 10
7 40
11 54
37 59
15 45
58 41
5 2
24 10
22 2
48 51
24 55
56 31
52 10
5 50
46 28
3 4
38 21
4 16
45 31
38 51
25 1
13 14
29 13
57 9
36 45
25 10
14 53
11 1
43 16
12 49
31 41
7 17
15 31
25 6
11 17
43 23
15 10
7 56
32 16
9 26
1 3
37 45
3 56
41 16
45 22
30 8
25 35
26 6
53 56
18 5
16 5
19 57
24 27
50 17
21 52
12 37
56 41
12 41
29 53
6 47
31 38
53 54
33 6
37 11
49 7
21 40
2 53
51 57
46 29
21 44
28 7
41 39
13 59
28 20
26 37
20 27
52 20
40 33
41 27
8 45
50 55
9 51
18 9
5 51
10 30
42 22
51 23
31 59
31 7
46 14
31 46
42 2
30 18
17 53
23 4
25 8
26 21
3 11
14 33
40 13
12 7
13 53
36 46
17 14
46 51
19 51
18 3
12 54
35 3
8 57
9 49
40 22
34 25
36 41
38 58
41 45
12 27
42 58
39 25
34 32
54 34
59 10
33 9
46 49
16 19
9 52
51 35
30 38
47 2
17 30
37 38
47 5
11 5
1 34
54 49
45 9
47 44
30 42
52 55
18 41
28 26
12 18
40 9
13 19
10 4
53 5
26 12
55 43
55 6
42 29
28 39
31 4
7 42
46 8
4 5
39 37
45 43
54 20
12 9
48 49
12 31
51 55
3 32
22 43
11 26
20 1
19 8
58 11
29 10
9 6
40 3
51 20
59 7
52 19
37 1
47 57
18 55
30 13
50 57
18 40
38 24
11 4
7 6
16 33
43 29
27 53
42 24
32 27
35 29
2 57
54 46
1 18
1 30
12 14
29 4
8 23
46 39
12 19
6 45
6 11
31 24
48 57
32 18
40 38
19 36
21 42
19 6
38 33
58 47
39 49
51 25
10 26
39 38
10 51
40 36
10 58
10 28
59 36
34 38
52 56
7 10
28 40
39 47
45 7
45 21
35 36
37 32
56 48
47 10
41 7
13 44
30 39
55 16
7 21
35 48
25 57
6 18
26 44
46 40
53 9
22 56
19 41
4 40
11 29
51 27
33 55
16 52
13 17
38 5
50 2
10 32
2 1
45 39
12 55
20 59
9 36
13 37
41 46
37 43
7 18
48 34
19 55
30 16
47 11
25 14
54 59
22 6
5 17
41 51
24 19
27 55
23 40
33 54
34 36
13 8
56 40
40 15
9 32
40 14
26 51
11 55
19 49
42 8
37 18
42 51
6 3
22 9
31 57
14 48
13 25
41 53
51 29
29 41
25 50
7 57
18 14
40 32
52 4
50 49
59 2
5 49
38 47
6 8
1 19
20 55
4 19
40 58
57 1
17 15
20 15
24 51
29 40
15 29
39 36
54 36
49 3
18 2
57 38
6 51
15 9
56 14
3 17
26 40
10 2
4 49
7 20
23 6
3 38
40 25
31 37
24 23
25 5
50 38
56 11
50 59
17 2
36 38
15 23
37 15
43 38
28 6
22 16
57 10
32 28
58 55
5 20
26 1
20 18
55 49
26 16
30 49
40 1
20 44
50 51
18 34
14 36
53 3
40 42
17 37
12 46
43 2
15 43
22 47
24 46
56 54
17 35
14 9
53 7
44 48
5 26
43 53
27 3
15 35
4 26
49 21
30 34
16 46
39 31
14 2
33 51
32 47
27 34
23 31
58 49
5 34
9 39
52 15
24 48
12 44
34 22
31 49
34 16
42 18
11 31
32 54
46 13
47 25
45 57
50 27
29 26
35 8
44 28
52 46
26 15
29 37
18 44
19 14
4 35
9 8
8 58
30 50
8 48
24 49
15 7
55 8
55 14
58 9
19 59
43 30
52 11
21 8
9 46
47 4
16 28
34 50
49 41
24 45
24 8
50 45
3 31
51 40
26 56
49 23
2 13
43 4
8 18
25 29
14 5
33 15
11 8
14 49
8 10
58 4
57 58
1 55
46 18
7 35
31 55
23 39
19 31
56 18
51 4
16 24
53 51
16 25
31 21
57 12
47 24
33 41
15 27
44 24
29 18
45 17
30 32
35 34
20 42
38 59
41 34
55 4
59 32
2 4
10 19
27 18
10 6
29 6
38 48
59 47
36 53
40 43
41 9
16 6
29 17
7 14
34 58
47 56
35 33
21 20
15 48
19 35
55 46
32 56
22 37
1 38
35 26
37 44
39 48
7 24
44 46
33 58
59 27
52 43
48 42
21 48
37 56
23 35
46 47
18 4
28 4
47 30
5 1
54 26
19 26
24 29
26 41
16 10
18 39
20 22
34 39
57 36
45 38
55 21
44 57
59 46
26 14
26 31
35 40
18 31
5 55
2 15
51 11
14 23
12 40
35 32
35 9
5 21
14 32
45 32
33 44
8 20
35 18
15 34
30 24
39 24
27 16
56 29
56 44
50 35
38 16
35 22
33 8
26 42
50 3
17 43
18 59
58 56
21 16
30 44
24 33
45 55
11 32
10 22
22 25
56 24
26 18
17 48
42 19
51 22
5 7
48 53
7 19
31 43
47 48
57 20
12 17
17 23
31 17
50 31
54 27
14 44
7 47
21 14
38 4
10 27
37 28
23 25
12 51
40 44
55 42
36 42
32 29
5 36
26 59
21 50
11 48
21 17
54 42
13 10
50 29
26 2
19 34
24 32
22 46
6 44
28 49
34 51
6 30
12 30
40 30
42 52
54 17
36 32
42 32
56 57
5 30
16 20
23 7
39 4
56 8
13 28
22 12
26 8
59 8
41 57
45 18
22 24
3 51
40 48
49 32
56 42
30 2
49 15
7 55
45 44
9 30
22 29
54 14
20 40
58 35
19 30
37 46
26 55
27 45
14 59
46 56
11 2
42 46
52 47
13 47
32 43
42 53
54 40
18 10
3 43
14 38
34 17
6 4
16 53
35 53
45 46
44 7
51 44
41 42
48 46
11 23
39 56
53 38
25 19
43 10
52 48
51 47
5 13
19 28
29 55
24 1
50 33
35 20
57 16
52 57
30 26
15 32
54 45
33 17
20 23
44 27
37 40
38 52
32 41
48 29
8 2
16 37
41 25
27 22
56 34
49 22
10 11
30 15
52 24
14 30
58 48
41 54
4 12
45 20
42 35
8 54
30 23
1 17
59 15
11 59
43 20
5 39
4 21
2 12
12 47
4 22
20 10
10 5
8 34
26 32
1 46
21 35
52 33
13 36
19 58
38 25
7 38
40 52
22 3
36 23
44 3
49 38
34 45
12 32
5 59
14 29
31 40
11 46
53 24
52 36
7 37
3 12
29 27
53 45
52 2
51 17
1 47
47 35
29 44
40 8
33 49
59 45
3 9
58 52
46 2
21 29
59 48
58 37
44 19
29 49
59 23
59 51
23 5
6 14
34 57
37 8
49 59
6 41
47 42
12 15
50 22
46 5
32 8
9 2
31 13
52 26
23 54
48 22
5 40
23 41
13 48
59 52
19 54
35 12
36 12
33 18
53 12
54 22
26 3
37 54
13 9
14 28
33 46
26 43
10 33
24 17
13 15
10 48
43 7
20 19
50 19
33 34
30 37
27 43
16 54
13 26
19 17
49 18
45 58
42 49
27 23
49 35
7 26
21 25
56 12
49 25
7 50
54 1
3 25
39 2
26 33
12 50
27 57
29 23
58 25
9 56
50 43
9 38
35 55
29 8
1 14
9 42
23 53
52 8
3 24
30 36
30 22
21 34
9 5
27 4
9 16
44 32
35 41
47 41
57 15
19 47
18 54
31 16
29 38
52 54
22 28
21 22
2 49
39 22
21 57
56 51
50 48
57 39
33 5
27 39
43 56
25 55
3 52
33 4
16 13
39 21
47 9
4 46
11 12
55 13
49 56
57 13
14 34
44 2
21 13
11 16
6 32
25 42
59 53
20 29
11 43
7 2
35 43
10 40
11 22
59 56
54 25
35 46
27 1
11 38
57 37
48 2
19 9
26 36
20 13
35 54
50 11
3 16
53 46
32 46
23 19
58 7
7 27
20 32
18 15
47 18
19 11
1 53
10 46
30 59
13 54
51 52
50 44
21 10
27 33
31 25
36 51
45 35
27 6
19 53
58 5
8 17
9 50
10 45
52 32
30 58
22 5
31 20
20 11
22 1
40 57
15 38
50 13
15 53
51 31
59 58
56 28
2 36
28 2
17 20
35 13
13 39
14 47
5 27
42 14
52 28
54 7
26 38
22 36
16 23
22 41
45 4
6 13
21 59
33 30
58 24
59 1
47 40
1 4
3 8
24 25
38 28
36 10
42 57
23 55
11 13
17 39
40 55
25 32
44 36
25 2
34 9
20 58
29 31
37 35
3 19
47 17
38 27
16 39
17 38
58 27
1 52
8 16
8 7
37 49
37 52
44 17
19 40
59 42
41 50
51 45
56 33
13 38
20 25
23 37
22 33
15 56
51 49
14 20
27 36
9 37
27 56
2 56
1 56
58 6
9 23
13 22
14 16
6 49
25 37
23 47
22 8
27 52
54 10
14 57
35 39
53 30
53 44
43 48
11 34
27 49
31 35
35 57
28 36
10 35
43 42
16 12
13 56
49 26
33 2
9 24
36 20
10 17
9 48
17 57
48 37
45 30
59 6
37 51
58 46
28 31
6 46
44 22
42 1
48 5
21 1
1 10
18 22
24 15
5 28
19 32
31 1
11 42
5 35
47 31
23 13
2 37
13 12
13 1
4 24
24 28
11 41
52 53
50 36
45 29
55 44
43 6
52 44
24 40
25 28
52 30
30 20
59 44
44 11
4 9
4 42
21 56
26 25
48 41
48 1
10 53
28 23
40 34
14 22
48 36
27 37
10 42
51 58
50 24
52 35
50 15
27 19
42 44
2 29
38 46
51 39
11 7
5 52
31 9
9 55
45 16
47 29
36 31
41 43
40 50
34 2
1 35
40 49
12 5
25 12
28 33
21 46
6 56
45 40
54 30
59 4
51 30
26 50
18 52
58 31
23 56
30 56
24 35
19 38
21 47
23 52
50 8
51 15
6 21
50 18
48 25
21 12
43 5
53 31
50 28
28 47
48 6
22 52
10 41
13 3
45 5
17 36
56 38
18 16
27 31
7 9
23 22
55 3
49 11
8 12
31 14
4 44
37 55
37 33
18 23
34 28
32 7
37 3
2 20
14 3
25 53
20 56
53 22
18 36
1 50
19 15
49 16
15 8
30 25
52 17
27 48
13 58
58 43
3 33
42 33
17 18
45 33
39 14
39 33
39 3
31 34
44 15
10 34
15 22
31 44
28 12
27 8
2 16
41 15
39 1
42 6
32 13
58 17
1 8
37 41
58 15
23 21
20 9
55 39
36 37
12 6
39 50
30 11
33 43
38 10
25 18
18 53
35 59
39 59
35 14
4 34
38 44
43 36
42 23
3 21
46 7
52 7
48 18
54 31
9 44
56 19
16 15
10 12
4 20
39 20
49 52
9 21
34 46
2 23
29 57
1 15
14 10
54 21
7 36
28 30
41 13
54 39
5 56
54 58
11 53
4 14
43 34
58 23
58 29
22 57
53 40
45 47
34 3
43 21
30 48
47 26
18 21
35 28
11 40
17 40
13 7
12 58
51 18
20 12
57 4
24 6
25 43
32 2
18 57
3 15
44 25
29 19
17 22
7 22
12 39
19 2
49 20
36 4
45 11
47 15
46 17
40 39
30 7
37 6
58 50
29 16
15 10
12 9
2 8
6 7
5 2
7 8
10 7
2 15
6 10
5 15
7 1
8 9
1 6
2 5
2 1
8 7
1 8
3 6
2 4
3 7
4 6
95 2408
40 88
44 68
39 66
68 53
87 78
54 66
46 54
61 29
12 90
8 95
66 77
51 40
33 37
73 20
46 6
90 72
35 88
67 43
32 14
65 1
85 74
42 22
38 56
14 26
5 86
49 84
26 82
85 23
14 30
34 12
14 55
29 76
12 37
55 19
88 83
78 39
90 39
5 6
16 40
63 27
21 31
16 83
85 31
84 64
62 17
40 87
36 88
82 35
6 49
75 82
56 90
58 55
21 80
63 56
19 23
26 5
60 25
24 85
76 20
49 68
17 46
21 60
85 6
74 5
4 19
63 46
71 56
13 64
16 7
55 72
30 77
81 50
52 83
46 89
16 91
44 28
38 92
32 38
54 84
80 75
41 92
87 35
59 54
30 89
38 82
32 40
58 79
27 81
10 8
17 27
45 48
44 89
22 33
63 24
88 92
42 9
3 14
26 20
10 80
26 58
71 78
87 13
33 43
70 88
64 44
2 41
85 87
52 36
13 79
85 43
39 87
3 37
50 6
72 80
7 47
8 52
52 1
90 82
68 54
49 14
33 41
50 43
52 93
30 31
44 92
9 92
5 88
65 72
94 9
86 45
23 17
48 31
24 90
69 18
89 59
87 30
46 86
72 3
31 71
31 14
25 2
53 95
19 73
90 85
84 46
53 74
5 21
91 5
24 47
33 88
92 15
26 2
53 56
68 19
23 71
84 10
88 90
57 53
33 62
19 57
60 34
36 59
88 80
34 22
10 67
28 86
77 7
64 59
62 78
58 46
64 51
95 83
48 74
86 1
71 57
94 48
24 6
19 29
52 51
29 88
39 9
26 19
57 54
67 42
35 59
91 90
72 10
3 82
52 43
45 28
65 11
16 9
77 12
49 46
1 53
10 37
45 78
61 25
31 68
91 61
22 70
19 86
31 50
48 16
40 84
86 21
55 35
35 78
63 45
68 85
90 76
27 60
61 44
60 59
52 9
25 78
23 15
26 67
45 56
92 46
11 45
59 69
77 38
47 17
27 35
79 59
50 84
22 20
2 32
19 7
75 46
16 6
48 68
47 37
43 19
62 3
70 45
40 38
32 60
65 13
6 94
60 31
2 81
33 15
35 81
20 86
11 92
2 44
4 60
24 45
90 18
35 58
59 92
29 35
45 8
66 76
51 77
25 8
66 61
18 80
73 66
60 29
25 7
79 36
12 25
46 67
41 27
83 21
12 29
93 68
72 46
23 87
40 82
91 8
30 57
34 42
3 88
53 85
50 34
28 14
43 41
87 12
57 89
93 21
5 31
44 1
71 25
43 46
68 17
7 87
74 77
35 9
81 82
51 14
39 75
35 66
62 8
56 7
44 25
40 77
41 38
36 20
13 69
56 55
4 84
68 82
88 22
94 55
51 39
78 17
37 39
36 18
43 58
36 4
38 23
29 45
12 76
56 78
91 79
80 34
94 65
71 34
72 15
68 7
16 8
94 51
54 53
11 86
23 80
21 52
39 67
48 3
1 12
91 71
92 6
10 38
18 25
56 29
22 95
51 90
86 68
26 73
26 80
11 95
73 54
78 94
52 65
78 46
5 32
83 35
46 60
59 47
10 75
59 55
68 5
53 19
50 18
72 9
58 36
68 90
17 70
89 65
33 11
79 6
35 61
27 19
94 39
10 48
40 60
14 47
85 22
83 2
61 5
14 87
77 60
87 26
80 46
9 77
40 41
53 38
91 54
7 3
41 12
61 67
7 72
22 81
69 75
55 18
76 26
77 91
38 81
16 64
7 43
3 40
22 64
72 25
27 21
81 41
91 46
56 74
48 86
56 69
73 71
15 66
64 94
17 37
81 90
35 52
24 92
50 49
36 6
64 82
43 56
24 41
26 23
71 43
26 61
11 55
90 20
46 35
28 79
37 86
4 67
44 8
23 69
25 69
91 6
49 33
34 92
72 28
35 24
13 20
76 85
79 66
1 69
41 58
83 31
92 12
66 24
53 16
82 37
41 25
37 38
30 16
88 19
9 45
36 61
42 30
72 95
9 24
35 89
52 71
65 40
66 17
65 41
50 70
50 32
55 3
3 17
86 70
37 53
29 25
92 45
34 11
86 35
7 44
2 34
90 50
8 9
88 23
59 40
57 15
78 77
69 44
60 41
2 18
11 63
10 25
73 47
22 27
48 41
45 44
72 35
88 41
24 81
2 45
10 92
56 95
10 64
68 18
37 30
40 9
80 17
9 1
24 74
31 77
57 90
38 29
2 80
61 49
94 11
62 53
42 39
81 77
48 29
6 82
16 74
58 89
22 60
60 5
44 60
65 55
88 20
95 62
2 40
64 70
15 28
2 66
73 83
58 38
51 3
30 82
60 8
54 56
57 13
23 41
35 69
94 90
90 87
58 65
78 54
55 61
15 87
22 50
91 42
10 12
10 34
74 65
47 8
79 78
86 27
4 80
63 77
43 17
8 61
47 3
16 31
5 83
32 95
36 42
84 37
30 66
44 19
79 82
39 2
10 52
38 73
37 28
65 49
37 68
68 45
47 31
72 73
63 67
23 72
74 39
37 43
38 14
54 8
36 34
1 4
1 95
29 68
45 18
43 91
14 90
84 22
23 58
65 32
22 21
64 60
62 38
78 20
64 14
36 87
64 40
63 20
3 90
34 14
84 17
5 33
57 37
64 11
2 69
11 91
68 10
33 38
50 64
66 9
70 93
27 36
35 74
80 24
66 53
83 57
76 95
12 30
61 4
15 20
85 56
78 63
79 25
79 47
23 81
50 87
77 21
33 86
15 11
86 34
54 25
57 28
40 62
84 69
59 41
74 71
2 53
94 30
93 28
71 76
26 18
13 19
38 65
47 64
16 67
77 85
36 73
68 52
25 93
13 15
50 67
76 78
11 17
72 77
34 38
10 45
63 89
49 12
19 36
1 2
23 57
40 44
47 86
79 93
77 10
30 84
25 91
56 8
87 1
43 89
91 28
40 69
63 28
28 81
18 22
14 8
22 63
62 7
48 13
33 57
57 9
49 17
5 58
83 4
34 54
73 21
91 65
19 62
9 11
51 44
23 27
32 19
1 51
6 7
62 94
80 64
28 7
26 85
80 89
59 18
57 8
87 20
10 95
81 25
86 76
80 77
71 19
16 24
57 44
7 50
95 54
94 31
71 24
53 6
41 67
86 15
18 76
79 15
74 34
21 50
94 44
78 91
60 24
32 89
24 14
40 56
40 36
35 49
87 8
1 21
15 51
77 56
87 66
73 40
22 1
28 85
58 16
8 33
69 3
24 40
71 93
84 87
45 7
2 59
3 60
24 32
56 89
10 63
79 67
66 6
18 9
40 80
11 79
32 20
84 18
18 8
31 34
14 50
58 6
53 47
66 20
64 30
20 14
20 59
77 62
32 76
57 49
4 92
4 90
67 3
73 69
89 8
35 71
6 86
1 23
1 43
17 51
92 95
80 68
42 25
94 85
93 57
80 12
3 38
85 11
86 40
76 75
65 63
23 29
90 48
39 91
55 73
60 54
22 15
28 49
45 32
23 33
94 24
76 82
70 72
92 32
26 13
35 95
84 44
20 27
37 15
65 33
20 25
90 25
50 89
41 83
74 89
60 47
75 60
71 77
59 83
70 12
71 87
24 54
9 37
15 29
55 26
81 26
88 59
38 45
30 45
33 51
78 47
32 47
50 68
37 8
44 56
60 17
12 39
79 75
73 89
63 85
68 95
28 53
25 74
47 18
85 70
37 34
22 89
55 44
68 67
57 20
44 29
33 27
1 63
2 90
57 35
6 71
7 24
48 66
81 93
92 75
3 8
55 32
23 55
54 28
19 92
71 95
28 92
41 19
65 25
81 17
71 5
82 34
16 76
20 2
48 78
32 3
5 84
70 42
78 1
44 62
83 61
82 61
72 44
76 11
27 62
23 47
14 13
56 66
63 76
37 81
12 40
27 48
5 69
54 74
12 95
65 14
51 72
20 44
29 41
56 52
25 89
47 93
50 10
61 9
37 55
86 10
91 53
54 3
52 70
78 81
31 36
71 3
82 84
83 54
90 54
71 72
59 17
48 49
79 72
62 35
51 58
64 46
45 67
69 15
75 95
73 37
72 43
70 90
82 13
64 57
13 66
89 88
26 17
34 17
20 55
80 63
50 15
88 44
3 16
12 52
88 27
63 59
79 51
87 43
38 67
63 38
3 18
19 12
53 15
77 13
32 27
91 9
36 28
76 34
48 28
35 43
17 13
16 70
35 53
85 51
38 28
11 20
8 29
13 40
9 74
36 46
66 55
71 36
6 75
31 2
27 87
42 64
38 1
68 63
92 8
94 5
37 22
38 44
23 8
8 50
44 32
55 13
87 56
49 39
48 72
73 90
17 56
18 33
73 35
60 78
29 3
94 38
93 22
60 56
74 64
10 23
78 58
43 27
76 38
20 45
49 10
56 15
16 43
84 47
76 64
84 88
82 18
5 93
70 18
77 45
39 48
7 60
63 52
93 24
43 82
66 85
71 37
14 80
7 52
86 49
34 19
55 42
76 70
46 77
9 23
8 40
61 76
52 79
80 19
75 9
58 3
41 1
88 38
14 17
7 35
90 6
88 49
39 85
83 85
82 17
65 85
75 71
54 37
82 87
64 61
72 82
50 77
5 44
75 83
65 19
49 3
2 88
73 23
16 63
79 1
22 54
21 3
66 64
9 84
29 1
26 70
79 57
92 79
81 49
83 78
86 85
68 27
83 40
24 15
26 29
88 74
59 3
94 61
65 15
51 22
5 23
65 29
63 86
68 20
49 30
80 37
17 28
15 35
21 49
29 90
81 44
10 32
31 65
22 82
3 23
54 23
28 77
43 22
62 60
3 92
52 69
70 35
49 95
29 37
31 11
5 13
54 19
69 91
80 85
47 29
79 63
67 92
91 27
91 58
6 89
79 68
20 52
84 23
2 30
79 41
88 53
3 76
53 55
24 37
41 57
61 72
56 93
33 64
70 23
36 54
89 79
53 3
22 44
22 38
11 12
55 85
9 64
70 56
47 15
56 61
57 70
35 41
89 51
58 9
59 7
33 31
41 77
80 1
42 59
42 93
4 59
33 67
4 82
33 69
27 15
34 90
45 51
13 3
77 61
18 74
1 71
39 33
8 27
93 59
82 16
42 62
94 87
89 71
89 33
18 13
36 81
6 8
63 40
37 27
29 2
56 33
20 1
57 95
4 81
44 82
39 44
37 51
94 50
50 80
49 45
61 53
1 75
33 61
28 12
27 56
5 49
71 62
64 53
66 90
67 94
91 56
23 59
6 38
17 65
93 14
61 68
76 1
16 35
72 33
47 75
89 3
69 68
90 62
41 45
56 12
34 68
72 38
71 45
81 34
88 71
32 33
26 27
42 13
71 7
63 53
86 4
14 67
91 85
4 72
9 95
54 89
59 75
7 32
44 71
62 82
70 63
90 83
16 57
17 74
33 75
93 8
15 14
2 35
29 82
40 5
7 17
45 90
57 56
84 21
3 61
74 36
39 84
55 68
17 88
18 46
59 8
38 18
74 30
24 68
8 21
26 54
76 62
4 95
85 13
38 2
25 86
75 30
7 13
57 21
27 65
23 4
25 75
32 61
84 25
8 73
16 42
45 21
20 47
69 9
8 90
78 86
27 18
86 31
24 34
44 75
16 4
58 56
81 42
54 33
42 46
61 23
50 62
84 41
30 61
11 3
4 78
62 43
56 18
82 20
21 61
85 40
91 44
45 34
8 83
29 57
13 16
48 9
65 44
30 15
75 4
28 10
85 36
41 70
68 21
10 19
61 1
68 41
25 85
57 58
54 88
62 85
47 1
72 68
18 87
71 81
55 41
55 64
79 10
16 2
42 26
52 17
34 41
10 89
46 90
30 70
41 63
39 40
47 94
69 45
67 78
18 51
84 35
62 32
28 32
75 88
61 79
94 16
88 95
25 5
60 58
90 11
95 36
21 33
10 14
51 16
83 67
31 20
18 62
35 38
39 5
88 93
13 23
57 91
11 40
35 56
95 80
76 14
27 82
44 36
54 6
9 70
78 19
31 56
59 62
20 71
89 45
20 64
48 63
54 48
55 15
17 41
77 14
93 29
78 85
78 84
1 18
55 46
50 60
89 81
18 29
82 51
15 4
15 2
29 62
73 30
77 84
19 81
64 88
67 80
54 75
28 90
6 30
46 51
41 62
47 51
56 34
73 75
11 37
8 15
35 91
53 40
10 35
64 67
76 40
84 6
40 27
51 78
24 22
14 86
67 25
85 92
70 29
19 75
38 26
55 36
29 83
89 69
16 86
85 5
43 34
73 95
50 23
48 62
51 24
87 75
11 67
32 30
46 56
80 71
41 8
17 89
55 5
73 11
48 85
76 9
60 51
57 60
23 92
13 59
43 30
57 36
69 20
89 20
14 84
10 58
26 8
55 75
19 2
92 71
9 55
58 48
6 72
13 8
53 89
88 62
53 26
19 70
9 36
18 86
35 37
22 77
10 24
26 75
53 75
81 72
32 51
62 63
66 23
48 40
72 5
71 70
23 51
45 40
15 62
63 2
21 95
50 78
76 37
51 50
32 53
54 93
64 72
66 14
70 34
45 42
30 53
47 83
77 54
93 34
39 6
95 13
9 54
70 61
65 6
90 58
81 55
51 9
39 60
84 16
15 83
12 35
6 29
68 78
12 81
67 75
28 52
12 43
16 80
88 51
94 84
4 13
88 16
78 70
7 5
30 13
59 66
63 3
66 88
25 64
22 55
21 89
74 3
28 80
15 45
27 54
90 23
59 5
39 92
81 65
75 66
42 10
37 25
38 21
94 53
31 93
12 58
39 63
41 9
66 52
42 6
69 86
53 82
85 10
39 35
2 43
79 21
11 32
32 22
85 75
44 23
12 53
65 20
21 70
48 34
92 54
16 54
48 4
86 23
25 40
19 76
16 46
22 25
95 3
43 42
81 58
27 64
31 32
87 16
91 75
11 71
10 55
10 87
92 29
54 67
7 33
42 17
15 54
61 89
12 62
36 13
24 87
54 39
9 63
82 21
21 28
58 52
40 66
30 33
13 24
95 46
56 32
16 75
68 46
1 7
33 16
80 30
77 25
28 5
79 30
42 19
26 83
34 69
68 57
86 30
39 21
59 71
16 66
66 3
45 81
56 48
88 37
61 27
55 78
42 44
60 84
20 34
88 69
18 75
54 61
22 73
73 93
17 10
75 93
91 68
68 89
64 23
86 2
50 63
4 91
80 38
46 12
61 57
39 52
50 58
8 24
76 59
46 69
60 67
47 27
20 29
82 80
61 41
18 16
31 95
88 6
75 15
65 95
1 19
41 69
10 11
83 72
60 45
70 60
28 58
10 94
3 45
82 2
16 1
67 36
74 47
35 25
86 53
37 31
84 59
71 69
22 16
12 66
58 70
6 32
92 40
56 81
47 57
83 70
43 13
48 60
60 6
94 58
72 36
95 63
93 17
40 47
40 90
77 52
51 25
8 80
7 86
28 61
83 18
20 5
27 66
5 89
37 69
42 52
64 37
40 74
48 23
66 11
56 72
62 14
34 16
8 2
41 16
9 47
24 18
62 30
33 47
3 50
27 69
49 42
23 52
48 46
27 10
70 51
95 28
17 8
76 48
3 20
93 89
86 32
40 52
63 6
82 69
3 57
89 15
61 20
48 17
76 77
35 14
69 10
45 6
57 84
34 13
29 80
28 55
81 79
31 28
32 90
4 38
20 72
31 24
69 57
30 83
5 70
37 6
75 7
83 56
16 61
41 32
82 1
79 37
60 49
66 46
20 60
88 47
76 89
52 84
61 31
86 29
36 76
71 86
78 24
7 9
84 86
30 23
66 69
86 82
58 59
61 22
4 31
78 69
93 90
25 11
69 6
9 68
73 7
62 91
42 71
24 53
91 15
7 42
82 15
56 20
2 94
12 59
51 73
61 90
27 39
72 12
70 7
3 46
81 30
17 6
80 43
58 18
4 10
32 48
14 59
63 57
65 2
31 7
70 69
5 56
94 57
52 11
28 22
39 55
80 49
60 89
40 79
69 65
28 68
84 74
49 23
58 8
3 25
88 61
68 30
39 81
74 83
49 82
70 1
23 62
28 64
42 33
76 53
6 64
86 55
69 92
89 85
76 56
28 40
74 15
30 88
4 53
31 91
59 61
14 37
47 30
92 68
59 1
52 6
13 41
21 32
34 7
94 81
35 5
14 60
28 1
11 83
91 34
95 94
16 85
64 41
11 48
35 51
56 42
8 30
14 40
31 38
10 6
11 14
1 17
91 2
50 42
57 85
3 64
31 29
7 46
13 10
23 46
52 14
6 31
42 12
71 22
35 42
84 62
27 42
95 85
25 94
50 72
58 76
57 42
56 28
1 24
34 61
24 89
58 84
57 88
78 88
79 73
49 19
72 59
95 43
8 76
32 57
66 31
75 61
65 16
5 1
46 61
92 53
36 41
27 67
36 26
85 17
21 2
43 3
35 26
82 70
73 56
22 62
81 67
36 35
95 40
70 75
55 71
36 89
48 53
49 59
90 16
52 5
87 29
66 94
27 16
92 21
58 53
52 74
37 59
6 12
13 93
43 55
85 18
43 90
39 28
49 32
91 18
13 61
78 72
12 73
10 47
52 3
23 16
60 12
36 63
60 79
78 31
24 84
39 18
78 59
1 27
9 43
89 34
19 67
65 54
12 32
62 31
64 71
80 31
59 95
66 8
79 38
21 75
62 67
51 34
51 26
49 62
48 7
79 29
58 54
43 20
81 66
31 23
33 24
13 78
49 92
2 6
90 42
74 12
17 90
89 64
50 55
39 47
85 64
34 26
18 63
1 48
19 63
3 34
66 58
83 93
56 1
68 47
25 19
22 79
74 59
13 9
13 88
40 50
50 75
89 82
7 65
5 4
29 13
54 64
52 75
5 80
80 11
77 68
17 12
49 79
74 37
53 23
75 81
18 60
85 2
35 50
40 94
15 71
25 88
24 19
93 60
1 15
70 84
40 22
94 80
48 52
3 24
53 77
70 40
10 9
44 18
86 9
24 26
84 85
84 26
37 67
54 43
71 85
7 23
95 87
15 5
14 41
82 77
46 83
77 79
11 77
13 47
68 73
25 38
77 49
17 83
20 17
23 28
70 68
47 65
34 62
59 48
60 36
64 91
52 38
62 45
45 22
32 29
21 94
72 87
7 41
6 18
13 27
29 85
8 12
45 76
68 22
11 38
87 60
41 11
61 15
21 29
25 92
83 87
93 39
59 67
13 90
26 10
6 15
11 42
94 56
83 62
81 92
92 61
84 91
36 62
33 55
44 11
87 93
63 51
65 35
19 61
25 15
31 25
37 50
39 70
51 2
21 54
46 11
57 62
88 9
40 10
32 1
33 73
45 53
29 54
48 88
72 27
84 2
46 82
11 28
9 26
1 68
42 3
19 35
51 30
35 79
76 52
49 11
19 77
7 80
58 14
40 19
65 48
43 69
49 31
17 69
79 85
65 86
54 4
71 94
74 38
69 93
39 23
42 24
81 10
39 65
41 6
18 37
66 51
74 78
72 32
32 94
21 26
68 39
54 55
94 22
32 16
30 93
4 94
32 68
79 43
88 68
80 91
43 74
76 24
74 76
48 35
75 56
47 55
5 67
22 26
41 30
33 12
80 42
48 33
80 69
64 86
27 25
70 92
47 35
80 70
76 23
92 74
27 95
22 11
65 28
74 70
86 17
18 89
39 1
42 37
41 5
49 63
75 43
73 91
7 92
81 60
58 13
81 76
32 43
71 65
32 74
21 9
38 30
4 51
71 38
51 31
5 79
14 88
72 16
2 33
90 41
64 48
32 93
20 7
53 93
65 37
87 3
31 54
35 4
37 19
92 55
88 1
47 72
71 8
27 51
25 53
82 88
32 52
43 76
73 81
19 69
30 92
18 40
45 4
1 74
45 64
70 38
94 3
66 42
76 83
88 11
42 82
25 9
92 83
71 60
49 18
46 8
33 19
26 74
48 95
50 44
49 9
54 76
18 41
32 18
33 74
64 32
67 1
51 28
55 52
26 86
94 35
90 67
37 49
69 50
7 4
54 52
51 80
82 12
52 26
60 68
39 64
22 13
1 73
58 72
82 47
14 36
62 1
69 94
71 2
83 9
73 31
29 50
53 34
75 64
61 40
75 32
40 81
78 82
91 21
67 74
35 85
64 36
52 49
55 40
36 80
22 53
95 47
79 19
35 68
21 67
56 10
25 24
12 69
39 8
82 73
93 92
33 70
46 13
24 50
2 47
5 73
51 38
88 73
43 49
64 19
22 91
53 81
76 44
34 75
40 93
7 55
64 17
12 67
82 63
17 39
3 27
63 83
19 21
65 56
26 40
25 21
13 75
37 91
62 58
65 43
37 83
95 39
33 36
49 51
1 11
77 20
27 80
93 35
90 78
34 35
94 76
72 18
79 69
5 76
13 45
2 46
41 95
78 34
79 34
91 72
79 9
20 16
70 89
23 11
69 62
72 34
82 67
32 81
29 17
14 42
41 54
90 63
2 74
29 53
69 74
21 65
21 62
69 63
95 7
37 26
67 76
67 49
6 67
41 51
72 69
57 27
94 88
32 34
46 30
86 36
72 76
74 90
54 44
11 19
71 41
48 14
34 27
47 80
7 53
93 11
39 3
24 69
83 7
67 9
71 50
61 84
73 28
26 68
26 65
87 34
19 9
10 51
45 23
21 37
13 71
44 73
65 22
62 54
68 23
33 10
46 50
43 4
75 65
61 45
95 89
65 64
15 18
22 49
87 6
70 1225
54 31
34 27
48 26
61 32
36 40
18 32
29 40
45 49
27 39
33 54
18 15
45 44
37 25
68 53
65 48
42 9
21 41
46 7
37 47
49 50
34 45
21 46
11 32
62 3
56 60
68 69
49 25
26 47
31 24
29 1
45 3
6 69
15 52
10 4
20 70
22 43
55 37
49 31
67 7
9 68
62 12
17 24
47 43
29 48
69 24
66 40
39 4
5 48
12 16
38 3
32 54
15 27
26 30
28 3
14 20
67 11
6 27
45 21
60 33
17 44
2 54
29 67
12 63
8 40
57 41
59 58
57 19
29 12
23 7
5 60
55 6
30 3
20 19
2 23
26 8
64 66
6 14
17 34
12 57
33 22
69 42
3 54
58 39
19 55
14 69
52 43
57 70
35 17
28 11
27 68
3 52
23 29
53 26
67 63
65 44
58 30
11 36
36 35
24 66
16 5
39 2
65 37
27 12
1 9
47 48
50 8
35 22
1 35
33 40
14 52
26 12
33 1
12 11
8 63
14 4
52 59
69 48
33 63
29 59
54 66
23 69
67 10
34 22
70 28
37 15
62 64
18 7
20 39
34 51
30 49
55 69
17 43
19 70
70 67
63 43
16 52
65 14
44 52
52 47
34 47
32 33
47 35
48 1
64 58
21 66
22 41
48 38
14 45
62 32
5 25
50 40
43 55
12 6
26 1
45 4
32 8
42 31
60 1
4 11
48 35
70 44
61 42
47 49
14 57
20 58
62 2
11 49
67 20
6 60
44 49
19 28
51 40
49 28
27 2
14 21
46 45
9 7
33 37
45 52
5 58
51 39
34 33
28 25
22 58
4 19
64 49
34 54
47 6
27 21
60 49
22 38
3 33
24 29
59 34
12 7
62 34
7 64
41 25
56 7
59 18
53 10
7 35
51 58
28 8
8 31
24 10
16 18
34 16
21 22
58 44
11 59
43 15
2 22
65 66
3 40
8 67
53 27
55 21
49 63
60 9
5 47
54 37
35 49
38 56
59 27
30 67
52 63
64 12
46 22
5 52
50 4
12 5
31 13
59 5
56 27
44 69
25 69
66 51
7 27
50 2
44 23
9 57
25 57
7 50
45 22
3 21
18 31
35 20
4 16
5 14
18 25
64 65
45 42
33 62
41 68
19 15
9 52
16 45
47 12
11 53
24 19
10 5
29 68
35 28
31 16
67 32
66 60
2 28
67 48
55 22
57 6
43 38
16 43
56 32
61 65
66 41
47 1
12 51
20 69
44 27
35 66
69 17
27 60
54 50
11 21
45 7
15 17
31 5
5 30
43 49
13 10
57 53
20 60
48 39
9 48
16 6
70 22
22 15
60 11
11 31
61 57
7 11
38 61
3 20
68 51
23 26
22 32
16 20
58 55
18 6
49 39
9 8
57 45
29 36
56 30
60 32
16 35
8 16
38 70
39 30
36 68
27 50
25 66
15 50
29 69
1 44
69 45
69 7
27 23
1 54
33 56
37 48
7 70
20 30
10 41
62 14
61 31
15 23
51 46
32 14
64 16
17 31
43 56
8 20
22 52
59 30
62 10
65 62
17 59
49 69
28 43
12 45
62 69
24 25
15 3
43 31
3 69
37 7
8 7
30 15
69 63
27 26
65 26
40 43
43 33
12 10
65 15
34 48
24 11
63 9
68 64
43 6
7 31
35 54
53 44
68 22
63 45
37 38
44 16
44 42
5 11
61 28
17 67
48 40
11 41
38 29
20 21
31 36
44 31
8 14
17 30
16 32
30 53
59 68
21 47
56 61
33 25
19 26
51 55
43 36
52 35
48 25
55 65
55 47
66 44
55 60
66 43
4 27
55 44
2 11
20 28
56 15
47 64
42 16
18 11
64 28
59 10
2 18
47 31
10 40
3 13
69 57
43 7
61 34
30 62
66 5
26 40
59 39
34 18
2 10
60 15
63 36
41 59
24 48
46 49
17 29
13 69
18 9
20 49
17 23
24 53
26 69
35 56
23 38
56 4
34 68
37 9
56 51
7 65
14 24
49 1
50 26
43 41
15 66
23 58
29 53
1 7
27 31
49 62
57 10
41 38
13 8
37 2
46 11
1 67
2 41
10 45
68 16
6 34
40 6
11 65
48 49
26 13
26 15
62 28
13 24
35 59
9 50
50 63
12 17
25 38
23 50
10 69
31 69
20 17
63 44
35 21
61 64
23 64
58 25
49 56
56 3
59 56
57 42
68 62
51 49
55 33
36 22
23 5
55 42
23 25
46 36
45 64
44 33
37 20
14 40
32 37
27 19
63 70
28 54
59 28
4 22
7 34
3 23
36 4
23 53
61 1
58 40
56 25
42 17
18 70
23 57
49 38
43 68
59 33
14 13
10 21
41 45
2 3
51 22
54 59
18 12
19 53
44 37
54 11
27 10
57 63
32 63
55 11
14 11
67 13
13 19
49 67
54 20
42 56
32 42
43 46
68 52
24 32
2 56
65 31
30 69
7 30
40 18
8 36
44 7
28 45
56 19
26 49
19 11
59 63
14 64
68 14
24 33
10 8
30 54
32 29
28 22
2 67
2 42
23 16
56 41
56 31
11 58
6 50
39 24
45 19
7 58
48 55
34 41
42 19
36 53
58 43
24 70
62 13
36 32
16 26
17 11
11 27
63 56
60 58
63 6
51 57
55 52
16 50
56 23
69 51
2 44
12 69
50 34
55 41
38 51
4 47
65 43
11 66
23 68
43 32
47 57
33 68
21 18
15 53
37 69
65 63
52 34
52 1
32 23
32 57
12 1
54 24
18 67
64 24
8 38
64 11
50 69
47 10
51 67
32 41
25 19
68 55
42 15
4 25
41 63
45 27
3 65
4 63
19 2
39 55
43 67
3 6
16 37
12 25
4 21
62 1
23 4
13 6
26 38
20 6
3 14
63 11
40 11
51 2
59 6
46 38
61 53
32 19
65 38
13 60
59 12
13 28
66 10
49 3
26 67
46 65
53 4
67 39
64 34
70 62
42 3
37 8
31 20
24 47
11 51
43 61
25 13
36 65
64 1
44 25
1 14
15 4
52 4
26 33
5 63
7 68
37 50
31 26
5 42
3 16
37 17
55 46
3 48
3 34
45 13
54 5
4 51
42 40
56 70
42 25
59 1
21 69
35 68
33 16
67 56
50 31
28 21
59 43
15 57
43 54
48 4
65 19
33 27
1 69
5 9
60 29
52 46
53 58
37 1
40 27
59 9
67 50
68 65
48 36
35 51
62 20
53 34
42 18
50 20
25 21
5 45
51 33
44 19
10 52
39 70
57 16
39 60
61 60
1 8
51 37
34 49
21 52
19 69
17 70
47 32
5 51
53 43
50 45
32 48
24 12
66 2
50 57
62 9
42 7
65 4
36 18
28 42
19 58
22 23
70 61
5 28
8 66
51 19
65 24
23 62
51 27
58 21
57 60
68 32
31 30
65 49
25 50
9 30
6 70
35 27
9 69
63 7
7 25
9 6
17 40
26 20
13 70
60 21
54 15
54 45
16 9
61 27
58 36
13 48
24 60
48 57
58 37
54 4
57 33
70 52
42 50
23 19
54 67
60 43
17 41
61 6
63 55
8 15
35 62
38 7
34 39
33 65
51 7
56 29
62 16
31 68
44 30
14 31
5 50
4 44
62 40
38 28
49 16
26 52
19 34
51 21
41 40
64 18
19 18
21 5
37 45
6 66
16 22
35 58
64 26
66 39
65 42
41 48
30 45
37 12
52 51
49 33
67 4
8 45
18 62
24 5
20 7
31 3
30 6
42 59
1 10
47 54
49 52
10 20
43 21
58 49
35 44
42 4
3 1
14 33
47 16
50 46
56 64
9 31
70 45
37 46
64 39
30 46
15 58
47 8
63 31
27 64
3 35
46 64
38 62
54 12
27 16
3 26
2 48
2 69
45 36
21 67
38 64
53 56
41 36
50 3
56 68
54 29
18 17
34 21
27 13
11 38
65 34
3 25
8 54
50 24
70 58
7 13
67 55
55 2
46 26
54 65
54 69
28 69
11 30
45 26
53 55
55 18
18 4
44 18
61 39
2 24
24 3
65 13
4 26
11 56
51 31
67 9
57 55
44 59
12 50
9 11
37 23
43 64
54 19
25 31
7 5
19 6
24 35
42 11
25 36
35 53
53 17
24 42
9 35
44 68
2 65
25 8
6 46
3 46
50 51
70 54
53 69
48 45
41 6
18 45
39 19
15 12
24 37
17 10
39 21
7 41
37 10
35 60
56 1
30 65
56 20
42 64
27 47
63 13
18 39
43 1
50 70
49 9
29 6
51 43
55 64
38 66
21 68
51 24
40 30
42 41
61 41
27 17
28 63
5 40
1 13
8 44
7 54
64 20
54 53
7 48
11 48
32 12
3 27
66 23
4 8
1 57
49 59
64 4
68 50
1 25
17 62
22 29
52 30
56 10
46 54
55 7
68 49
32 50
66 56
39 46
67 64
26 68
20 18
67 58
65 50
15 35
46 25
57 28
32 59
13 11
32 3
59 7
7 53
56 13
8 30
23 11
28 6
27 28
57 30
14 22
32 21
41 35
67 25
48 54
59 26
41 9
48 56
56 58
3 55
42 49
29 45
38 52
61 44
7 62
59 3
34 56
14 18
10 7
42 66
13 38
17 51
70 31
37 68
29 47
60 44
16 24
64 17
50 33
42 23
69 56
53 40
59 16
48 18
17 56
26 10
34 24
45 43
54 21
26 32
36 54
44 13
64 63
36 47
62 45
48 58
12 13
1 66
42 20
51 3
64 33
37 18
48 68
27 9
65 39
63 29
30 1
6 2
58 8
12 3
41 37
34 32
57 5
4 62
57 56
70 1
8 70
12 9
56 44
70 55
10 39
46 56
4 29
36 9
32 17
47 20
40 12
61 4
28 44
63 58
15 24
45 60
27 42
42 46
46 44
70 35
6 48
57 68
7 16
58 47
66 31
19 52
53 33
30 19
9 4
26 39
6 5
20 24
59 47
41 53
30 60
57 38
33 31
54 40
58 45
30 33
7 3
29 25
37 43
30 64
56 62
60 26
13 20
11 10
70 30
58 17
63 62
33 36
15 11
41 24
30 24
41 26
16 65
13 4
28 60
39 9
9 3
61 24
16 70
28 15
33 42
31 57
46 28
34 9
43 11
17 54
26 21
6 42
26 29
35 37
22 59
54 27
45 25
49 13
4 46
44 21
63 14
51 41
2 7
68 46
23 51
26 44
7 19
28 14
14 61
60 67
18 22
8 59
60 64
50 64
4 20
29 44
56 52
11 6
13 29
53 9
62 21
29 30
28 55
19 60
68 61
21 61
10 22
31 40
47 66
14 27
59 38
29 49
4 3
48 53
41 20
29 27
9 25
4 7
68 38
61 20
12 35
42 58
65 10
54 38
12 53
50 14
57 44
26 6
42 67
35 69
35 18
2 5
54 26
61 54
50 17
12 67
45 68
17 4
44 48
21 13
39 33
58 33
5 69
67 22
47 40
62 26
0 0
